#Layer_Color=65535
#
#Feature symbol names
#
$0 r10
$1 r6
$2 r8
$3 r12
$4 r4
$5 r5
$6 r31.4961
$7 r5.9055
$8 r30
$9 r20
$10 r2.04
$11 rect18x30
$12 rect6x23.811_45
$13 rect6x23.811
$14 rect23.811x6
$15 rect6x23.811_135

#
#Feature attribute names
#
@0 .nomenclature
@1 .string
@2 .string_angle

#
#Feature attribute text strings
#
&0 Y
&1 Z
&2 X

#
#Layer features
#
A 1.1386484 1.6772929 1.1386484 1.6772929 1.1346484 1.6772929 3 P 0 N
A 1.143 1.19 1.143 1.19 1.099 1.19 5 P 0 N
A 1.143 2.371 1.143 2.371 1.099 2.371 5 P 0 N
A 1.267 1.6521943 1.267 1.6521943 1.255 1.6521943 0 P 0 N
A 1.4903826 1.7695512 1.4903826 1.7695512 1.4803826 1.7695512 0 P 0 N
A 1.562 1.1191339 1.562 1.1191339 1.558 1.1191339 5 P 0 N
A 1.6827071 1.3806484 1.6827071 1.3806484 1.6787071 1.3806484 3 P 0 N
A 1.879126 2.284748 1.879126 2.284748 1.875126 2.284748 1 P 0 N
A 2.1601181 2.2244961 2.1601181 2.2244961 2.1541181 2.2244961 1 P 0 N
A 2.1944094 1.405252 2.1944094 1.405252 2.1884094 1.405252 4 P 0 N
A 2.2454252 1.632 2.2454252 1.632 2.2404252 1.632 5 P 0 N
A 2.273 1.605 2.273 1.605 2.267 1.605 4 P 0 N
A 2.28 1.288 2.182 1.19 2.28 1.19 6 P 0 N
A 2.324 2.371 2.324 2.371 2.28 2.371 5 P 0 N
A 2.328 2.128 2.328 2.128 2.322 2.128 2 P 0 N
L 1.042112 1.7809648 1.0426855 1.7970947 7 P 0
L 1.042112 1.7809648 1.1262967 1.6967801 7 P 0
L 1.0426855 1.7970947 1.143 1.8974092 7 P 0
L 1.0647216 1.7157216 1.0657071 1.7167071 7 P 0
L 1.0740698 1.519982 1.0746544 1.5052552 0 P 0
L 1.0740698 1.519982 1.2473443 1.6932565 0 P 0
L 1.0746544 1.5052552 1.2479289 1.3319807 0 P 0
L 1.081 2.085 1.085 2.085 8 P 0
L 1.083 2.004 1.083 2.0053937 7 P 0
L 1.1262967 1.6967801 1.143 1.6967802 7 P 0
L 1.127252 2.048 1.127252 2.1114961 5 P 0
L 1.127252 2.048 1.159 2.048 5 P 0
L 1.127252 2.1114961 1.159 2.1114961 5 P 0
L 1.1346484 1.7886484 1.1457839 1.7886484 7 P 0
L 1.143 1.6967802 1.2433145 1.7970947 7 P 0
L 1.143 1.8974092 1.1592635 1.8981163 7 P 0
L 1.159 2.048 1.159 2.1114961 5 P 0
L 1.1592635 1.8981163 1.2434481 1.8139316 7 P 0
L 1.1796299 1.9776299 1.259 1.9776299 7 P 0
L 1.199315 2.057 1.259 2.057 7 P 0
L 1.219 2.091 1.219 2.0923937 7 P 0
L 1.2227216 1.8687216 1.2237071 1.8697071 7 P 0
L 1.2433145 1.7970947 1.2434481 1.8139316 7 P 0
L 1.2473443 1.6932565 1.2626557 1.6932565 0 P 0
L 1.2479289 1.3319807 1.2620711 1.3319807 0 P 0
L 1.255 1.914 1.255 1.9153937 7 P 0
L 1.259 1.742 1.259 1.7433937 7 P 0
L 1.26 1.826 1.2613937 1.826 7 P 0
L 1.2620711 1.3319807 1.4353456 1.5052552 0 P 0
L 1.2626557 1.6932565 1.4359302 1.519982 0 P 0
L 1.270252 1.1821192 1.270252 1.1835129 7 P 0
L 1.319 2.0446063 1.319 2.046 7 P 0
L 1.335 1.918 1.335 1.922 8 P 0
L 1.339 2.102 1.339 2.106 8 P 0
L 1.3410787 1.132126 1.3410787 1.247 5 P 0
L 1.3410787 1.132126 1.3843858 1.132126 5 P 0
L 1.3410787 1.247 1.3843858 1.247 5 P 0
L 1.343 1.9949994 1.343 1.9989994 9 P 0
L 1.3922598 1.1545669 1.3922598 1.174252 5 P 0
L 1.3922598 1.1545669 1.55 1.1545669 5 P 0
L 1.3922598 1.174252 1.55 1.174252 5 P 0
L 1.3922598 1.202 1.3922598 1.222 5 P 0
L 1.3922598 1.202 1.55 1.202 5 P 0
L 1.3922598 1.222 1.55 1.222 5 P 0
L 1.4353456 1.5052552 1.4359302 1.519982 0 P 0
L 1.4454726 1.7487834 1.4458457 1.7901687 0 P 0
L 1.4454726 1.7487834 1.8080402 1.3862158 0 P 0
L 1.4458457 1.7901687 1.8079289 2.1522519 0 P 0
L 1.4578837 1.4052635 1.4585908 1.389 7 P 0
L 1.4578837 1.4052635 1.5420684 1.4894481 7 P 0
L 1.4585908 1.389 1.5589053 1.2886855 7 P 0
L 1.459 2.1161654 1.490748 2.1161654 4 P 0
L 1.459 2.262 1.490748 2.262 4 P 0
L 1.5087216 1.5182784 1.5097071 1.5172929 7 P 0
L 1.5187216 1.2967216 1.5197071 1.2977071 7 P 0
L 1.5315197 2.301 1.5315197 2.36 3 P 0
L 1.5315197 2.301 1.5512047 2.301 3 P 0
L 1.5420684 1.4894481 1.5589053 1.4893145 7 P 0
L 1.55 1.1545669 1.55 1.174252 5 P 0
L 1.55 1.202 1.55 1.222 5 P 0
L 1.558 1.132126 1.601 1.132126 5 P 0
L 1.558 1.247 1.601 1.247 5 P 0
L 1.5589053 1.2886855 1.5750352 1.288112 7 P 0
L 1.5589053 1.4893145 1.6592198 1.389 7 P 0
L 1.5673516 1.3806484 1.5673516 1.3917839 7 P 0
L 1.5701091 2.1505355 1.6054645 2.1858909 2 P 0
L 1.5750352 1.288112 1.6592199 1.3722967 7 P 0
L 1.601 1.132126 1.601 1.247 5 P 0
L 1.6125355 2.1081091 1.6478909 2.1434645 2 P 0
L 1.6402929 1.3287071 1.6412784 1.3277216 7 P 0
L 1.6592198 1.389 1.6592199 1.3722967 7 P 0
L 1.6747216 1.3092784 1.6757071 1.3082929 7 P 0
L 1.7101654 1.213252 1.7101654 1.245 4 P 0
L 1.8079289 2.1522519 1.8220711 2.1522519 0 P 0
L 1.8080402 1.3862158 1.8219598 1.3862158 0 P 0
L 1.8175039 1.131252 1.8175039 1.163 5 P 0
L 1.8175039 1.131252 1.881 1.131252 5 P 0
L 1.8175039 1.163 1.881 1.163 5 P 0
L 1.8219598 1.3862158 2.1979624 1.7622184 0 P 0
L 1.8220711 2.1522519 2.1980737 1.7762493 0 P 0
L 1.827 2.301 1.847 2.301 3 P 0
L 1.847 2.301 1.847 2.36 3 P 0
L 1.856 1.213252 1.856 1.245 4 P 0
L 1.859378 2.237 1.907 2.237 7 P 0
L 1.859378 2.3004961 1.907 2.3004961 7 P 0
L 1.871 2.2126063 1.871 2.214 7 P 0
L 1.881 1.131252 1.881 1.163 5 P 0
L 1.8958819 2.365063 1.8958819 2.397 2 P 0
L 1.8958819 2.397 1.9195039 2.397 2 P 0
L 1.91 1.1557874 1.93 1.1361024 2 P 0
L 1.91 1.255 1.91 1.274 2 P 0
L 1.91 1.274 1.93 1.274 2 P 0
L 1.983 2.397 2.007 2.397 2 P 0
L 2.007 2.365063 2.007 2.397 2 P 0
L 2.02 2.211 2.024 2.211 8 P 0
L 2.059 2.153 2.059 2.2323701 7 P 0
L 2.067 2.3030006 2.067 2.3070006 9 P 0
L 2.067 2.3470006 2.067 2.3510006 9 P 0
L 2.1075827 1.1361024 2.1272677 1.1361024 2 P 0
L 2.1075827 1.274 2.1272677 1.274 2 P 0
L 2.108 2.085 2.108 2.0863937 7 P 0
L 2.1272677 1.1361024 2.1272677 1.1557874 2 P 0
L 2.1272677 1.255 2.1272677 1.274 2 P 0
L 2.134 2.313 2.1353937 2.313 7 P 0
L 2.1383701 2.153 2.1383701 2.2323701 7 P 0
L 2.1529764 1.3599764 2.1529764 1.3698189 2 P 0
L 2.1529764 1.3599764 2.1628189 1.3599764 2 P 0
L 2.1529764 1.473 2.1628189 1.483 2 P 0
L 2.158 2.018 2.158 2.1599843 7 P 0
L 2.1805354 1.3845827 2.1873332 1.3845827 10 P 0 ;0,1=1,2=0.000000
L 2.1805354 1.3862822 2.1805354 1.3845827 10 P 0 ;0,1=1,2=0.000000
L 2.1805354 1.3947794 2.1873332 1.3947794 10 P 0 ;0,1=1,2=0.000000
L 2.182 1.1122047 2.182 1.19 6 P 0
L 2.1844723 1.432811 2.1884094 1.440685 4 P 0
L 2.1844723 1.432811 2.1923464 1.432811 4 P 0
L 2.1844724 1.4541036 2.1878713 1.4507047 10 P 0 ;0,1=0,2=0.000000
L 2.1844724 1.455803 2.1844724 1.4541036 10 P 0 ;0,1=0,2=0.000000
L 2.1873332 1.39308 2.1805354 1.3862822 10 P 0 ;0,1=1,2=0.000000
L 2.1873332 1.3947794 2.1873332 1.39308 10 P 0 ;0,1=1,2=0.000000
L 2.1878713 1.4507047 2.1878713 1.4456063 10 P 0 ;0,1=0,2=0.000000
L 2.1878713 1.4507047 2.1912702 1.4541036 10 P 0 ;0,1=0,2=0.000000
L 2.1884094 1.405252 2.1884094 1.440685 4 P 0
L 2.1884094 1.440685 2.1923464 1.432811 4 P 0
L 2.1884095 1.4052521 2.2238425 1.4052521 4 P 0
L 2.1912702 1.4541036 2.1912702 1.455803 10 P 0 ;0,1=0,2=0.000000
L 2.1979624 1.7622184 2.1980737 1.7762493 0 P 0
L 2.2020394 1.655 2.2020394 1.67 4 P 0
L 2.2020394 1.67 2.2177874 1.67 4 P 0
L 2.2159685 1.401315 2.2159685 1.4091891 4 P 0
L 2.2159685 1.401315 2.2238425 1.4052521 4 P 0
L 2.2159685 1.4091891 2.2238425 1.4052521 4 P 0
L 2.2267953 1.4105274 2.2335931 1.4003307 10 P 0 ;0,1=2,2=0.000000
L 2.2335931 1.4105274 2.2267953 1.4003307 10 P 0 ;0,1=2,2=0.000000
L 2.2492835 1.5856691 2.2560813 1.5754724 10 P 0 ;0,1=2,2=0.000000
L 2.2492835 1.613 2.2560813 1.613 10 P 0 ;0,1=1,2=0.000000
L 2.2492835 1.6146995 2.2492835 1.613 10 P 0 ;0,1=1,2=0.000000
L 2.2492835 1.6231967 2.2560813 1.6231967 10 P 0 ;0,1=1,2=0.000000
L 2.2560813 1.5856691 2.2492835 1.5754724 10 P 0 ;0,1=2,2=0.000000
L 2.2560813 1.6214973 2.2492835 1.6146995 10 P 0 ;0,1=1,2=0.000000
L 2.2560813 1.6231967 2.2560813 1.6214973 10 P 0 ;0,1=1,2=0.000000
L 2.263 1.7549994 2.263 1.7589994 9 P 0
L 2.263063 1.5774409 2.267 1.5735039 4 P 0
L 2.263063 1.5774409 2.271 1.5774409 4 P 0
L 2.266 1.3599764 2.276 1.3599764 2 P 0
L 2.266 1.483 2.276 1.483 2 P 0
L 2.267 1.5735039 2.267 1.605 4 P 0
L 2.267 1.5735039 2.271 1.5774409 4 P 0
L 2.267 1.605 2.301 1.605 4 P 0
L 2.276 1.3599764 2.276 1.3698189 2 P 0
L 2.276 1.473 2.276 1.483 2 P 0
L 2.28 1.288 2.3582677 1.288 6 P 0
L 2.287 1.7046063 2.287 1.706 7 P 0
L 2.293 1.6214973 2.2963989 1.6180984 10 P 0 ;0,1=0,2=0.000000
L 2.293 1.6231967 2.293 1.6214973 10 P 0 ;0,1=0,2=0.000000
L 2.295 1.601063 2.295 1.609 4 P 0
L 2.295 1.601063 2.301 1.605 4 P 0
L 2.295 1.609 2.301 1.605 4 P 0
L 2.2963989 1.6180984 2.2963989 1.613 10 P 0 ;0,1=0,2=0.000000
L 2.2963989 1.6180984 2.2997978 1.6214973 10 P 0 ;0,1=0,2=0.000000
L 2.2997978 1.6214973 2.2997978 1.6231967 10 P 0 ;0,1=0,2=0.000000
L 2.317 1.5400394 2.332 1.5400394 4 P 0
L 2.332 1.5400394 2.332 1.5557874 4 P 0
L 2.3439921 2.018 2.3439921 2.1599843 7 P 0
L 2.3582677 1.288 2.3582677 1.742 6 P 0
P 1.0670962 1.9449697 14 P 0 0
P 1.111 2.2409037 13 P 0 0
P 1.2570722 1.4490729 12 P 0 0
P 1.281 1.2419109 13 P 0 0
P 1.2998698 1.7939999 14 P 0 0
P 1.3328694 1.7939999 14 P 0 0
P 1.3358692 1.1739999 14 P 0 0
P 1.343 2.213 11 P 0 0
P 1.3668766 1.7939999 14 P 0 0
P 1.4088688 1.7649999 14 P 0 0
P 1.4148732 2.0689999 14 P 0 0
P 1.423 2.3970963 13 P 0 0
P 1.426 1.9500963 13 P 0 0
P 1.427 2.2890963 13 P 0 0
P 1.4508726 2.0689999 14 P 0 0
P 1.451 2.0010963 13 P 0 0
P 1.4968866 2.0699999 14 P 0 0
P 1.5490704 2.0319303 15 P 0 0
P 1.5669998 2.2448963 13 P 0 0
P 1.675685 1.1547459 13 P 0 0
P 2.2729992 1.8038989 13 P 0 0
P 2.2858866 1.8769999 14 P 0 0
